from_stop_id,to_stop_id,transfer_type,min_transfer_time
11,10,0,
100,100,0,
243,243,0,
288,288,0,
519,519,0,
1100,1100,0,
1101,1101,0,
1188,1188,0,
1199,1199,0,
1209,1209,0,
1505,1505,0,
1636,1636,0,
1650,1650,0,
1753,1753,0,
1878,1878,0,
2112,2112,0,
2175,2175,0,
2376,2376,0,
2505,2505,0,
6476,6476,0,
6667,6667,0,
9100,9100,0,
9101,9101,0,
9801,9800,2,60
4101,4100,2,60
5101,5100,2,60
6101,6100,2,60
7101,7100,2,60
61,837,2,180
39,435,2,180
47,47,2,120
47,532,2,180
87,252,2,180
87,549,2,180
91,926,2,180
100,455,2,240
100,538,2,180
104,61,2,120
115,115,2,120
115,271,2,180
115,608,2,180
115,962,2,180
133,542,2,120
133,692,2,120
166,166,2,120
166,243,2,180
178,706,2,120
180,180,2,120
180,455,2,180
180,561,2,120
184,184,2,120
184,573,2,120
190,190,2,120
190,327,2,180
190,548,2,180
234,256,2,180
234,741,2,240
234,773,2,120
243,166,2,180
243,650,2,180
249,349,2,120
249,406,2,180
249,533,2,180
251,251,2,120
251,288,2,120
252,87,2,120
256,256,2,120
256,741,2,180
256,773,2,120
271,115,2,180
271,546,2,180
274,965,2,180
288,251,2,120
288,904,2,120
327,190,2,180
327,548,2,180
327,841,2,180
336,581,2,240
349,406,2,180
349,533,2,180
349,682,2,180
349,916,2,180
357,289,2,180
388,388,2,120
392,392,2,120
406,249,2,180
406,349,2,180
406,916,2,180
435,39,2,180
441,234,2,240
441,741,2,120
455,100,2,240
455,180,2,180
455,455,2,120
455,538,2,180
473,710,2,180
480,87,2,180
480,252,2,120
480,549,2,180
483,388,2,120
499,353,2,180
499,499,2,120
499,816,2,180
505,688,2,120
506,506,2,120
512,710,2,180
519,174,2,120
519,266,2,120
533,249,2,180
533,349,2,180
533,682,2,180
533,916,2,180
538,100,2,120
538,455,2,180
538,538,2,120
546,271,2,180
546,608,2,180
548,190,2,180
548,841,2,180
549,252,2,180
561,180,2,120
561,561,2,120
568,765,2,180
568,926,2,180
573,573,2,120
581,581,2,120
593,593,2,120
593,839,2,180
602,694,2,180
608,115,2,180
608,546,2,180
650,166,2,180
650,243,2,180
670,765,2,180
670,926,2,180
682,406,2,180
682,533,2,180
706,178,2,120
706,706,2,120
706,757,2,120
710,473,2,180
710,512,2,180
710,710,2,120
741,104,2,120
741,234,2,240
741,256,2,180
741,441,2,120
741,741,2,120
757,706,2,120
765,670,2,180
765,765,2,120
773,256,2,180
791,564,2,180
809,160,2,240
809,336,2,240
816,353,2,180
839,593,2,120
839,688,2,120
841,327,2,180
841,548,2,180
898,567,2,240
904,251,2,120
904,288,2,120
916,406,2,180
916,533,2,180
926,91,2,180
926,568,2,180
926,926,2,120
965,274,2,180
965,965,2,120
965,989,2,180
967,418,2,180
989,965,2,180
1100,1495,2,120
1100,1663,2,240
1100,1787,2,240
1112,1112,2,120
1112,1293,2,180
1112,1301,2,180
1112,1311,2,180
1125,1241,2,180
1138,1138,2,120
1150,1150,2,120
1150,1839,2,180
1169,1169,2,120
1169,1225,2,180
1169,7888,2,180
1188,1499,2,120
1188,1753,2,120
1225,1169,2,180
1225,1225,2,120
1225,7888,2,180
1223,1966,2,180
1233,1233,2,120
1233,1762,2,180
1233,1846,2,180
1241,1125,2,180
1241,1372,2,240
1250,1325,2,180
1250,1767,2,180
1269,1269,2,120
1269,1280,2,180
1278,1427,2,180
1278,1585,2,180
1280,1269,2,180
1280,1280,2,120
1293,1112,2,180
1293,1301,2,180
1293,1311,2,180
1301,1112,2,180
1301,1301,2,120
1301,1311,2,180
1301,1598,2,120
1310,1663,2,120
1311,1112,2,180
1311,1293,2,180
1311,1301,2,180
1311,1311,2,120
1324,1663,2,120
1350,1241,2,180
1350,1624,2,240
1350,1847,2,240
1372,1241,2,240
1427,1278,2,180
1427,1427,2,120
1427,1585,2,180
1472,1935,2,180
1480,1509,2,180
1495,1100,2,120
1499,1188,2,180
1499,1753,2,180
1509,1720,2,180
1518,1518,2,180
1518,1635,2,180
1518,1944,2,180
1530,1689,2,180
1585,1278,2,180
1585,1427,2,180
1598,1598,2,120
1624,1350,2,240
1643,1388,2,180
1643,1643,2,120
1650,1199,2,180
1663,1310,2,120
1663,1324,2,120
1704,1704,2,120
1712,1961,2,180
1720,1509,2,180
1753,1188,2,180
1753,1499,2,180
1780,1843,2,180
1784,1995,2,180
1787,1787,2,120
1790,1163,2,180
1823,1787,2,120
1831,1831,2,120
1839,1150,2,180
1843,1780,2,180
1843,1843,2,120
1847,1350,2,240
1890,1785,2,180
1892,1333,2,180
1892,1707,2,240
1901,1830,2,180
1901,1901,2,120
1905,1905,2,120
1944,1635,2,180
2003,532,2,120
2007,2007,2,120
2076,2076,2,120
2082,2082,2,120
2091,2091,2,120
2091,2125,2,120
2091,2916,2,120
2100,2100,2,120
2100,2101,2,120
2101,2100,2,120
2101,2101,2,120
2125,2091,2,120
2125,2125,2,120
2125,2916,2,120
2164,2306,2,180
2164,2855,2,180
2165,6243,2,180
2187,2433,2,180
2191,2191,2,120
2191,2200,2,180
2191,2812,2,180
2197,2892,2,180
2201,2366,2,180
2201,2509,2,180
2201,2798,2,180
2239,2192,2,180
2225,2282,2,180
2225,2397,2,180
2282,2225,2,180
2282,2630,2,180
2306,2164,2,180
2306,2899,2,180
2349,2023,2,120
2349,2349,2,120
2349,2620,2,120
2366,2509,2,180
2366,2798,2,180
2377,2377,2,120
2383,2383,2,120
2383,2522,2,120
2393,2822,2,180
2397,2630,2,180
2465,2131,2,120
2465,2465,2,120
2465,2494,2,240
2465,2698,2,180
2480,2499,2,180
2494,2465,2,240
2494,2698,2,240
2505,2112,2,180
2509,2201,2,180
2509,2366,2,180
2522,2383,2,120
2522,2522,2,120
2522,2778,2,180
2522,2801,2,240
2561,2561,2,120
2561,2643,2,180
2562,2641,2,120
2567,2718,2,180
2576,2465,2,180
2576,2698,2,180
2605,2880,2,180
2630,2282,2,180
2630,2397,2,180
2641,2562,2,120
2643,2561,2,180
2643,2643,2,120
2665,2778,2,180
2698,2131,2,180
2698,2465,2,180
2698,2494,2,240
2698,2698,2,120
2702,2702,2,120
2718,2567,2,180
2718,2824,2,180
2737,2134,2,180
2737,2874,2,180
2798,2201,2,180
2798,2366,2,180
2798,2509,2,180
2801,2946,2,180
2824,2718,2,180
2855,2164,2,180
2855,2899,2,180
2856,2279,2,180
2872,2634,2,180
2892,2892,2,120
2899,2306,2,180
2899,2855,2,180
2916,2091,2,120
2916,2125,2,120
2916,2916,2,120
2996,2996,2,120
3195,3195,2,120
3196,3300,2,240
3196,3301,2,240
3300,3196,2,240
3300,3301,2,180
3300,3323,2,240
3301,3196,2,240
3301,3301,2,120
3301,3323,2,240
3323,3300,2,240
3323,3301,2,240
3450,3450,2,120
3457,3772,2,180
3500,3787,2,180
3500,3811,2,180
3787,3811,2,240
3787,3500,2,180
3811,3500,2,180
3811,3787,2,240
4122,4122,2,120
4122,4957,2,180
4139,4360,2,180
4179,4179,2,120
4179,4714,2,180
4182,4182,2,120
4192,4192,2,120
4197,4156,2,180
4200,4200,2,120
4224,4224,2,120
4350,4350,2,120
4354,4354,2,120
4354,4355,2,180
4354,4501,2,180
4354,4851,2,180
4355,4354,2,180
4355,4438,2,180
4355,4851,2,180
4360,4139,2,180
4400,4400,2,120
4438,4354,2,180
4438,4355,2,180
4443,4622,2,240
4443,4882,2,240
4523,4523,2,120
4622,4882,2,180
4707,4707,2,120
4707,4894,2,180
4714,4179,2,180
4714,4714,2,120
4752,4752,2,120
4782,4841,2,180
4851,4355,2,180
4861,4861,2,120
4876,4876,2,120
4882,4443,2,240
4894,4894,2,120
4894,4707,2,180
4957,4122,2,180
4957,4957,2,120
4963,4522,2,180
4967,4350,2,120
4967,4967,2,120
5109,5164,2,180
5138,5138,2,120
5149,5142,2,180
5162,5256,2,180
5256,5162,2,180
5256,5823,2,180
5366,5162,2,120
5366,5366,2,180
5366,5741,2,180
5421,5421,2,120
5421,5765,2,120
5741,5162,2,240
5741,5741,2,120
5823,5256,2,180
5856,5856,2,120
5884,5461,2,180
6122,6476,2,180
6122,6667,2,180
6122,6884,2,180
6130,6130,2,120
6151,6151,2,120
6159,6638,2,240
6159,6685,2,180
6164,6164,2,120
6166,6166,2,120
6213,6395,2,180
6213,6717,2,180
6213,6822,2,180
6219,6219,2,120
6230,6230,2,120
6230,6365,2,180
6253,6253,2,120
6281,6783,2,180
6281,6848,2,180
6291,6439,2,180
6291,6698,2,180
6330,6330,2,120
6330,6373,2,180
6330,6903,2,180
6333,6607,2,180
6363,6363,2,120
6363,6798,2,120
6365,6230,2,180
6365,6365,2,120
6373,6903,2,180
6395,6822,2,180
6441,6441,2,120
6460,6460,2,120
6476,6122,2,180
6476,6667,2,120
6476,6884,2,180
6476,6965,2,180
6482,6482,2,120
6489,6489,2,120
6489,6628,2,120
6605,6605,2,120
6628,6489,2,180
6638,6159,2,240
6661,6661,2,120
6663,6684,2,180
6663,6758,2,180
6667,6122,2,180
6667,6476,2,120
6667,6884,2,180
6667,6965,2,180
6676,6676,2,120
6676,6167,2,180
6685,6159,2,180
6717,6213,2,180
6717,6822,2,180
6733,6733,2,60
6733,6838,2,180
6783,6281,2,180
6798,6363,2,120
6798,6798,2,120
6805,6238,2,120
6805,6421,2,120
6820,2535,2,180
6820,2793,2,180
6822,6213,2,180
6822,6395,2,180
6840,6840,2,120
6848,6281,2,180
6884,6476,2,180
6884,6667,2,180
6894,6171,2,180
6899,6134,2,180
6899,6194,2,180
6903,6330,2,180
6903,6373,2,180
6938,8119,2,120
6941,6997,2,180
6958,6958,2,120
6962,6426,2,180
6965,6476,2,180
6965,6667,2,180
6966,6966,2,120
6983,6983,2,120
7129,7129,2,120
7131,7131,2,120
7144,7605,2,60
7823,7152,2,180
7190,7633,2,180
7215,7675,2,180
7215,7834,2,180
7229,7186,2,180
7232,7232,2,120
7235,7235,2,120
7235,7538,2,180
7320,7320,2,120
7320,7919,2,180
7328,7129,2,180
7384,7384,2,120
7388,7388,2,120
7538,7538,2,120
7605,7144,2,60
7739,7739,2,120
7764,7213,2,180
7764,7479,2,180
7764,7764,2,120
7807,7807,2,120
7823,7567,2,180
7888,1169,2,180
7888,1225,2,180
7888,7888,2,120
7919,7919,2,120
8100,8100,2,120
8100,8101,2,180
8100,8239,2,180
8100,8826,2,180
8101,8100,2,180
8101,8101,2,120
8101,8239,2,180
8101,8826,2,180
8135,8134,2,180
8135,8404,2,180
8162,8166,2,180
8166,8162,2,180
8236,8236,2,120
8237,8236,2,180
8237,8237,2,120
8239,8101,2,180
8239,8826,2,180
8297,8297,2,120
8297,8512,2,180
8297,8428,2,180
8297,8937,2,180
8319,8626,2,180
8371,8371,2,120
8376,8376,2,120
8404,8135,2,180
8428,8512,2,180
8428,8937,2,180
8469,8469,2,120
8512,8297,2,180
8512,8428,2,180
8512,8512,2,120
8512,8937,2,180
8604,8827,2,180
8605,8742,2,180
8626,8614,2,180
8633,8138,2,180
8709,8473,2,180
8752,8752,2,120
8779,8281,2,180
8779,8779,2,120
8826,8100,2,180
8826,8101,2,180
8826,8239,2,180
8932,8735,2,180
8932,8932,2,180
8937,8937,2,120
8937,8297,2,180
8937,8428,2,180
8937,8512,2,180
9100,9438,2,240
9100,9675,2,240
9101,9100,2,180
9101,9438,2,240
9101,9675,2,240
9111,9897,2,180
9163,9163,2,120
9163,9224,2,180
9163,9588,2,180
9163,9783,2,180
9224,9163,2,180
9224,9588,2,180
9306,9306,2,120
9339,9339,2,120
9339,9552,2,180
9344,9378,2,240
9344,9405,2,240
9364,9725,2,180
9378,9344,2,240
9405,9344,2,240
9438,9100,2,240
9438,9101,2,240
9552,9339,2,180
9552,9552,2,120
9554,9554,2,120
9554,9573,2,180
9564,9897,2,180
9566,9163,2,240
9573,9554,2,180
9573,9573,2,120
9588,9163,2,180
9588,9207,2,240
9588,9224,2,180
9588,9566,2,180
9588,9588,2,120
9588,9783,2,240
9652,9989,2,180
9675,9100,2,240
9675,9101,2,240
9719,9220,2,120
9719,9531,2,120
9783,9163,2,180
9810,9975,2,180
9897,9111,2,180
9897,9564,2,180
9918,9787,2,240